8439
8436
8431
8430
8402
8380
8374
8357
8356
8347
8338
8336
8314
8305
8295
8292
8277
8276
8268
8263
8244
8242
8219
8202
8199
8198
8193
8190
8167
8141
8133
8132
8126
8124
8122
8103
8085
8061
8039
8038
8021
8009
7982
7970
7968
7956
7935
7921
7907
7879
7876
7871
7869
7837
7825
7799
7785
7761
7753
7747
7745
7731
7717
7709
7645
7639
7638
7624
7620
7619
7618
7617
7600
7579
7578
7537
7511
7505
7500
7498
7492
7479
7475
7471
7470
7468
7465
7445
7429
7420
7410
7405
7380
7367
7359
7358
7357
7356
7334
7326
7304
7300
7297
7296
7285
7284
7253
7238
7229
7213
7210
7209
7206
7203
7199
7197
7184
7172
7138
7137
7119
7117
7070
7069
7051
7026
7024
7012
7004
6997
6996
6990
6966
6965
6919
6916
6904
6903
6896
6890
6888
6884
6864
6854
6835
6815
6810
6806
6792
6779
6768
6743
6730
6728
6725
6700
6674
6673
6671
6625
6622
6621
6620
6596
6564
6552
6537
6536
6509
6507
6460
6458
6446
6438
6419
6414
6413
6372
6368
6355
6352
6313
6311
6292
6291
6290
6275
6244
6240
6231
6206
6198
6191
6160
6141
6138
6127
6110
6109
6105
6052
6033
6024
6015
5998
5984
5983
5982
5978
5972
5963
5962
5961
5946
5934
5916
5904
5898
5895
5887
5864
5852
5810
5721
5715
5714
5679
5677
5669
5668
5665
5625
5621
5614
5602
5586
5579
5574
5565
5538
5532
5527
5518
5514
5500
5496
5487
5486
5476
5475
5444
5429
5420
5408
5402
5382
5371
5370
5363
5334
5313
5308
5298
5296
5283
5280
5278
5264
5263
5262
5257
5256
5253
5244
5229
5224
5215
5201
5178
5169
5163
5142
5126
5101
5092
5076
5074
5064
5056
5037
5035
5014
5011
4921
4917
4916
4905
4894
4880
4858
4850
4827
4807
4803
4797
4796
4786
4764
4717
4696
4690
4678
4664
4646
4630
4623
4600
4568
4561
4552
4544
4523
4514
4513
4507
4500
4498
4497
4495
4475
4456
4437
4434
4426
4399
4398
4390
4372
4368
4359
4356
4334
4321
4307
4302
4295
4289
4287
4262
4251
4242
4239
4219
4214
4209
4189
4181
4178
4170
4151
4141
4131
4112
4104
4099
4053
4038
3993
3989
3981
3952
3951
3947
3940
3935
3832
3829
3826
3791
3789
3769
3744
3734
3733
3714
3712
3705
3671
3666
3664
3662
3661
3654
3638
3623
3618
3595
3585
3564
3548
3537
3515
3506
3484
3468
3430
3429
3423
3416
3401
3366
3358
3356
3318
3317
3316
3304
3233
3226
3213
3199
3187
3185
3174
3173
3172
3122
3120
3091
3088
3058
3057
3043
3022
2987
2978
2968
2958
2952
2951
2940
2917
2882
2868
2867
2844
2831
2791
2789
2783
2782
2777
2770
2747
2745
2742
2726
2709
2708
2704
2695
2690
2662
2661
2660
2643
2637
2622
2620
2617
2606
2598
2597
2582
2571
2548
2525
2510
2505
2498
2497
2490
2477
2474
2431
2430
2416
2398
2388
2384
2381
2350
2348
2347
2346
2345
2342
2324
2322
2313
2271
2242
2241
2225
2211
2181
2147
2130
2128
2122
2117
2113
2109
2108
2103
2102
2101
2092
2089
2077
2067
2032
2024
2012
2006
2002
1980
1967
1961
1960
1958
1932
1927
1924
1919
1918
1898
1876
1873
1869
1862
1861
1851
1849
1828
1816
1813
1805
1792
1784
1764
1763
1736
1724
1722
1704
1696
1682
1665
1642
1633
1627
1614
1577
1576
1564
1563
1560
1553
1551
1545
1538
1520
1511
1509
1508
1467
1466
1464
1455
1444
1441
1440
1432
1425
1403
1389
1386
1381
1372
1371
1344
1333
1319
1305
1300
1298
1281
1258
1255
1233
1213
1210
1190
1187
1185
1184
1181
1170
1150
1127
1126
1125
1124
1123
1122
1120
1118
1116
1112
1111
1101
1096
1088
1040
1025
1024
1014
992
977
971
946
926
922
921
916
912
897
896
895
891
871
863
853
845
829
828
820
806
785
779
768
767
764
762
761
745
740
721
720
709
704
703
681
677
667
660
650
646
645
637
636
630
585
572
567
564
553
552
548
544
528
518
508
507
506
505
504
503
497
459
449
447
439
438
429
416
411
408
391
386
378
376
375
368
365
356
334
332
321
308
307
303
301
291
266
264
262
252
248
242
216
215
200
197
196
181
173
169
168
167
166
165
164
163
157
144
138
131
130
116
115
113
93
83
81
79
78
77
73
63
60
58
56
53
50
48
47
46
44
42
41
40
34
29
27
24
14
13
10
8
6
5
2
1